(
(0.0005 0.598169922513404)
(0.0015 0.59785418082371)
(0.0025 0.59782868529945)
(0.0035 0.59750840003316)
(0.0045000000000000005 0.597437648827016)
(0.0055 0.597130112185611)
(0.006500000000000001 0.596985281829161)
(0.0075 0.596699890273865)
(0.0085 0.596466880624675)
(0.0095 0.596188584455078)
(0.010499999999999999 0.595864514943336)
(0.0115 0.595567833055202)
(0.0125 0.595134647472838)
(0.0135 0.594797680126456)
(0.014499999999999999 0.59419441278925)
(0.0155 0.593775115554433)
(0.0165 0.592897223180464)
(0.0175 0.592091782874434)
(0.0185 0.590833147920881)
(0.0195 0.587940910147314)
(0.0205 0.27462572481215)
(0.0215 1.8671e-11)
(0.0225 2.1842839e-08)
(0.0235 6.892883137e-06)
(0.0245 4.96441332e-07)
(0.025500000000000002 8.901315e-09)
(0.0265 1.61811e-10)
(0.0275 2.963e-12)
(0.0285 5.4e-14)
(0.0295 1e-15)
(0.0305 0.0)
(0.0315 0.0)
(0.0325 0.0)
(0.0335 0.0)
(0.0345 0.0)
(0.035500000000000004 0.0)
(0.0365 0.0)
(0.0375 0.0)
(0.0385 0.0)
(0.0395 0.0)
(0.0405 0.0)
(0.0415 0.0)
(0.042499999999999996 0.0)
(0.0435 0.0)
(0.0445 0.0)
(0.0455 0.0)
(0.0465 0.0)
(0.0475 0.0)
(0.0485 0.0)
(0.0495 0.0)
(0.0505 0.0)
(0.0515 0.0)
(0.0525 0.0)
(0.0535 0.0)
(0.0545 0.0)
(0.0555 0.0)
(0.0565 0.0)
(0.0575 0.0)
(0.058499999999999996 0.0)
(0.0595 0.0)
(0.0605 0.0)
(0.0615 0.0)
(0.0625 0.0)
(0.0635 0.0)
(0.0645 0.0)
(0.0655 0.0)
(0.0665 0.0)
(0.0675 0.0)
(0.0685 0.0)
(0.0695 0.0)
(0.07050000000000001 0.0)
(0.0715 0.0)
(0.0725 0.0)
(0.0735 0.0)
(0.0745 0.0)
(0.0755 0.0)
(0.0765 0.0)
(0.0775 0.0)
(0.0785 0.0)
(0.0795 0.0)
(0.0805 0.0)
(0.0815 0.0)
(0.0825 0.0)
(0.0835 0.0)
(0.0845 0.0)
(0.08549999999999999 0.0)
(0.0865 0.0)
(0.0875 0.0)
(0.0885 0.0)
(0.0895 0.0)
(0.0905 0.0)
(0.0915 0.0)
(0.0925 0.0)
(0.0935 0.0)
(0.0945 0.0)
(0.0955 0.0)
(0.0965 0.0)
(0.0975 0.0)
(0.0985 0.0)
(0.0995 0.0)
)
