(
(0.0002 1.646199e-09)
(0.0006000000000000001 -8.7034e-11)
(0.001 4.3966e-11)
(0.0014 -3.8521e-11)
(0.0018 7.235e-12)
(0.0021999999999999997 6.2772e-11)
(0.0026 -5.9962e-11)
(0.003 1.07872e-10)
(0.0034000000000000002 -8.0321e-11)
(0.0038 9.549e-11)
(0.004200000000000001 -6.4835e-11)
(0.0046 6.1663e-11)
(0.004999999999999999 -4.6109e-11)
(0.0054 2.8033e-11)
(0.0058 -3.8754e-11)
(0.006200000000000001 -2.037e-12)
(0.0066 -4.808e-11)
(0.006999999999999999 -3.6475e-11)
(0.0074 -7.3999e-11)
(0.0078 -8.1832e-11)
(0.008199999999999999 -1.214e-10)
(0.0086 -1.49987e-10)
(0.009000000000000001 -2.00463e-10)
(0.009399999999999999 -2.54849e-10)
(0.0098 -3.27339e-10)
(0.0102 -4.16451e-10)
(0.0106 -5.25828e-10)
(0.011 -6.64186e-10)
(0.0114 -8.31542e-10)
(0.0118 -1.042445e-09)
(0.012199999999999999 -1.298649e-09)
(0.0126 -1.615074e-09)
(0.013000000000000001 -1.993897e-09)
(0.013399999999999999 -2.440594e-09)
(0.0138 -2.950912e-09)
(0.0142 -3.518208e-09)
(0.0146 -4.134081e-09)
(0.015 -4.783963e-09)
(0.0154 -5.43261e-09)
(0.0158 -5.973603e-09)
(0.0162 -6.419412e-09)
(0.0166 -8.448084e-09)
(0.017 -1.7820339e-08)
(0.0174 3.343656e-09)
(0.0178 3.53065305e-07)
(0.0182 2.6701978e-07)
(0.0186 -8.561765862e-06)
(0.019 -5.796296263e-05)
(0.0194 0.000541265184934)
(0.019799999999999998 0.005160720607762)
(0.020200000000000003 -0.004034557226716)
(0.0206 0.00323131619236)
(0.020999999999999998 -0.002614183362837)
(0.021400000000000002 0.002135498705097)
(0.0218 -0.001759885102133)
(0.022199999999999998 0.001463614786962)
(0.022600000000000002 -0.001225938577461)
(0.023 0.001033798410914)
(0.023399999999999997 -0.000876085732729)
(0.0238 0.000745136903418)
(0.0242 -0.00063518131225)
(0.0246 0.000542011824351)
(0.025 -0.000462523339734)
(0.0254 0.000394398132876)
(0.0258 -0.000335864877562)
(0.0262 0.000285529070545)
(0.0266 -0.000242257758302)
(0.027 0.000205104402857)
(0.0274 -0.000173261058311)
(0.0278 0.000146028025915)
(0.028200000000000003 -0.000122794113311)
(0.0286 0.00010302310836)
(0.028999999999999998 -8.6243858088e-05)
(0.029400000000000003 7.2042484675e-05)
(0.0298 -6.005593848e-05)
(0.030199999999999998 4.9966453045e-05)
(0.030600000000000002 -4.1496658128e-05)
(0.031 3.4405206061e-05)
(0.0314 -2.848282015e-05)
(0.0318 2.3548704498e-05)
(0.0322 -1.9447273612e-05)
(0.032600000000000004 1.6045172269e-05)
(0.033 -1.3228564001e-05)
(0.0334 1.090067134e-05)
(0.0338 -8.97955371e-06)
(0.0342 7.396110078e-06)
(0.0346 -6.092293822e-06)
(0.035 5.019527006e-06)
(0.0354 -4.137300832e-06)
(0.0358 3.411948525e-06)
(0.036199999999999996 -2.815576539e-06)
(0.0366 2.325139822e-06)
(0.037 -1.921646935e-06)
(0.0374 1.589481156e-06)
(0.0378 -1.315824218e-06)
(0.0382 1.090170082e-06)
(0.038599999999999995 -9.03916988e-07)
(0.039 7.5002702e-07)
(0.039400000000000004 -6.22743422e-07)
(0.0398 5.17356934e-07)
(0.0402 -4.30013476e-07)
(0.0406 3.57556414e-07)
(0.041 -2.97397623e-07)
(0.0414 2.4741236e-07)
(0.041800000000000004 -2.05853731e-07)
(0.0422 1.71283196e-07)
(0.0426 -1.42514164e-07)
(0.043 1.18566225e-07)
(0.0434 -9.8627992e-08)
(0.0438 8.2026922e-08)
(0.0442 -6.8204761e-08)
(0.0446 5.6697534e-08)
(0.045 -4.7119198e-08)
(0.045399999999999996 3.9148268e-08)
(0.0458 -3.2516824e-08)
(0.0462 2.7001476e-08)
(0.0466 -2.2415897e-08)
(0.047 1.860465e-08)
(0.0474 -1.5438066e-08)
(0.0478 1.2807984e-08)
(0.0482 -1.0624206e-08)
(0.048600000000000004 8.81154e-09)
(0.049 -7.30733e-09)
(0.0494 6.059388e-09)
(0.0498 -5.024267e-09)
(0.0502 4.16582e-09)
(0.0506 -3.453985e-09)
(0.051000000000000004 2.863776e-09)
(0.0514 -2.374433e-09)
(0.0518 1.96872e-09)
(0.052199999999999996 -1.63233e-09)
(0.0526 1.353389e-09)
(0.053 -1.12205e-09)
(0.0534 9.30144e-10)
(0.0538 -7.70898e-10)
(0.0542 6.38693e-10)
(0.054599999999999996 -5.28869e-10)
(0.055 4.37558e-10)
(0.0554 -3.61547e-10)
(0.0558 2.98168e-10)
(0.0562 -2.45194e-10)
(0.0566 2.00772e-10)
(0.057 -1.63345e-10)
(0.0574 1.31606e-10)
(0.057800000000000004 -1.04447e-10)
(0.0582 8.0923e-11)
(0.0586 -6.0212e-11)
(0.059 4.1595e-11)
(0.0594 -2.4425e-11)
(0.0598 8.062e-12)
)
