(
(0.0002 0.0)
(0.0006000000000000001 0.0)
(0.001 0.0)
(0.0014 0.0)
(0.0018 0.0)
(0.0021999999999999997 0.0)
(0.0026 0.0)
(0.003 0.0)
(0.0034000000000000002 0.0)
(0.0038 0.0)
(0.004200000000000001 0.0)
(0.0046 0.0)
(0.004999999999999999 0.0)
(0.0054 0.0)
(0.0058 0.0)
(0.006200000000000001 0.0)
(0.0066 0.0)
(0.006999999999999999 0.0)
(0.0074 0.0)
(0.0078 0.0)
(0.008199999999999999 0.0)
(0.0086 0.0)
(0.009000000000000001 0.0)
(0.009399999999999999 0.0)
(0.0098 0.0)
(0.0102 0.0)
(0.0106 0.0)
(0.011 0.0)
(0.0114 0.0)
(0.0118 0.0)
(0.012199999999999999 0.0)
(0.0126 0.0)
(0.013000000000000001 0.0)
(0.013399999999999999 0.0)
(0.0138 0.0)
(0.0142 0.0)
(0.0146 0.0)
(0.015 0.0)
(0.0154 0.0)
(0.0158 0.0)
(0.0162 0.0)
(0.0166 0.0)
(0.017 0.0)
(0.0174 0.0)
(0.0178 0.0)
(0.0182 0.0)
(0.0186 0.0)
(0.019 0.0)
(0.0194 0.0)
(0.019799999999999998 0.0)
(0.020200000000000003 0.0)
(0.0206 0.0)
(0.020999999999999998 0.0)
(0.021400000000000002 0.0)
(0.0218 0.0)
(0.022199999999999998 0.0)
(0.022600000000000002 0.0)
(0.023 0.0)
(0.023399999999999997 0.0)
(0.0238 0.0)
(0.0242 0.0)
(0.0246 0.0)
(0.025 0.0)
(0.0254 0.0)
(0.0258 0.0)
(0.0262 0.0)
(0.0266 0.0)
(0.027 0.0)
(0.0274 0.0)
(0.0278 0.0)
(0.028200000000000003 0.0)
(0.0286 0.0)
(0.028999999999999998 0.0)
(0.029400000000000003 0.0)
(0.0298 0.0)
(0.030199999999999998 0.0)
(0.030600000000000002 0.0)
(0.031 0.0)
(0.0314 0.0)
(0.0318 0.0)
(0.0322 0.0)
(0.032600000000000004 0.0)
(0.033 0.0)
(0.0334 0.0)
(0.0338 0.0)
(0.0342 0.0)
(0.0346 0.0)
(0.035 0.0)
(0.0354 0.0)
(0.0358 0.0)
(0.036199999999999996 0.0)
(0.0366 0.0)
(0.037 0.0)
(0.0374 0.0)
(0.0378 0.0)
(0.0382 0.0)
(0.038599999999999995 0.0)
(0.039 0.0)
(0.039400000000000004 0.0)
(0.0398 0.0)
(0.0402 0.0)
(0.0406 0.0)
(0.041 0.0)
(0.0414 0.0)
(0.041800000000000004 0.0)
(0.0422 0.0)
(0.0426 0.0)
(0.043 0.0)
(0.0434 0.0)
(0.0438 0.0)
(0.0442 0.0)
(0.0446 0.0)
(0.045 0.0)
(0.045399999999999996 0.0)
(0.0458 0.0)
(0.0462 0.0)
(0.0466 0.0)
(0.047 0.0)
(0.0474 0.0)
(0.0478 0.0)
(0.0482 0.0)
(0.048600000000000004 0.0)
(0.049 0.0)
(0.0494 0.0)
(0.0498 0.0)
(0.0502 0.0)
(0.0506 0.0)
(0.051000000000000004 0.0)
(0.0514 0.0)
(0.0518 0.0)
(0.052199999999999996 0.0)
(0.0526 0.0)
(0.053 0.0)
(0.0534 0.0)
(0.0538 0.0)
(0.0542 0.0)
(0.054599999999999996 0.0)
(0.055 0.0)
(0.0554 0.0)
(0.0558 0.0)
(0.0562 0.0)
(0.0566 0.0)
(0.057 0.0)
(0.0574 0.0)
(0.057800000000000004 0.0)
(0.0582 0.0)
(0.0586 0.0)
(0.059 0.0)
(0.0594 0.0)
(0.0598 0.0)
)
