(
(0.00025 1.63854e-10)
(0.00075 -5.98042e-10)
(0.00125 -9.58127e-10)
(0.00175 -1.225959e-09)
(0.0022500000000000003 -2.671856e-09)
(0.00275 -3.048763e-09)
(0.0032500000000000003 -4.764281e-09)
(0.00375 -6.139957e-09)
(0.00425 -7.910379e-09)
(0.00475 -9.232055e-09)
(0.0052499999999999995 -1.1190829e-08)
(0.00575 -1.4548739e-08)
(0.00625 -0.018550368535239)
(0.00675 -0.005370532125547)
(0.0072499999999999995 0.005026417362513)
(0.00775 -0.004703064433133)
(0.00825 0.004399154500768)
(0.00875 -0.004113377948875)
(0.00925 0.003844768497742)
(0.00975 -0.003592293513473)
(0.01025 0.003355036830657)
(0.01075 -0.003132133911969)
(0.01125 0.002922776978462)
(0.01175 -0.002726208265309)
(0.01225 0.002541715493291)
(0.012750000000000001 -0.002368627665469)
(0.01325 0.002206311405051)
(0.01375 -0.002054167759138)
(0.01425 0.001911629428917)
(0.01475 -0.001778158380164)
(0.01525 0.001653243788431)
(0.01575 -0.001536400274143)
(0.01625 0.001427166384785)
(0.01675 -0.00132510328414)
(0.01725 0.001229793611956)
(0.017750000000000002 -0.001140840481301)
(0.01825 0.001057866584945)
(0.01875 -0.000980513386303)
(0.01925 0.000908440374568)
(0.01975 -0.000841324367515)
(0.02025 0.000778858849057)
(0.02075 -0.000720753331765)
(0.021249999999999998 0.000666732737368)
(0.02175 -0.000616536790532)
(0.02225 0.000569919423101)
(0.02275 -0.000526648187478)
(0.02325 0.000486503678869)
(0.02375 -0.000449278966929)
(0.02425 0.000414779037784)
(0.02475 -0.000382820247679)
(0.02525 0.000353229789568)
(0.02575 -0.000325845173876)
(0.02625 0.00030051372455)
(0.02675 -0.000277092091246)
(0.02725 0.000255445778315)
(0.02775 -0.000235448690962)
(0.02825 0.00021698269876)
(0.02875 -0.000199937216456)
(0.029249999999999998 0.000184208801872)
(0.02975 -0.000169700770548)
(0.03025 0.000156322826668)
(0.03075 -0.000143990709755)
(0.03125 0.000132625856582)
(0.03175 -0.000122155077722)
(0.03225 0.000112510248183)
(0.03275 -0.000103628011581)
(0.03325 9.544949735e-05)
(0.03375 -8.7920050518e-05)
(0.03425 8.0988973611e-05)
(0.03475 -7.4609280307e-05)
(0.035250000000000004 6.873746048e-05)
(0.03575 -6.3333256306e-05)
(0.03625 5.8359449134e-05)
(0.03675 -5.3781656855e-05)
(0.03725 4.9568141485e-05)
(0.03775 -4.5689626729e-05)
(0.03825 4.2119125242e-05)
(0.03875 -3.8831775369e-05)
(0.03925 3.5804687066e-05)
(0.03975 -3.301679677e-05)
(0.04025 3.0448730916e-05)
(0.04075 -2.8082677824e-05)
(0.04125 2.5902267668e-05)
(0.04175 -2.3892460208e-05)
(0.04225 2.2039439976e-05)
(0.042749999999999996 -2.0330518593e-05)
(0.04325 1.8754043893e-05)
(0.04375 -1.7299315513e-05)
(0.04425 1.5956506628e-05)
(0.04475 -1.4716591479e-05)
(0.04525 1.3571278383e-05)
(0.04575 -1.2512947882e-05)
(0.04625 1.1534595711e-05)
(0.04675 -1.0629780282e-05)
(0.04725 9.792574359e-06)
(0.04775 -9.017520648e-06)
(0.04825 8.299590997e-06)
(0.04875 -7.634148958e-06)
(0.04925 7.016915421e-06)
(0.04975 -6.443937105e-06)
(0.05025 5.91155764e-06)
(0.05075 -5.416391047e-06)
(0.05125 4.955297392e-06)
(0.05175 -4.525360424e-06)
(0.05225 4.123867017e-06)
(0.05275 -3.748288245e-06)
(0.05325 3.396261937e-06)
(0.05375 -3.065576556e-06)
(0.05425 2.754156282e-06)
(0.05475 -2.460047154e-06)
(0.05525 2.181404178e-06)
(0.05575 -1.916479271e-06)
(0.05625 1.663609959e-06)
(0.05675 -1.421208724e-06)
(0.05725 1.187752927e-06)
(0.05775 -9.6177521e-07)
(0.05825 7.41854324e-07)
(0.05875 -5.26606286e-07)
(0.05925 3.14675808e-07)
(0.05975 -1.04686039e-07)
)
