(
(0.00025 2.56186e-09)
(0.00075 1.1378451e-08)
(0.00125 -5.353906e-09)
(0.00175 6.8621296e-08)
(0.0022500000000000003 -1.49701259e-07)
(0.00275 5.89290523e-07)
(0.0032500000000000003 -1.803204309e-06)
(0.00375 5.969486505e-06)
(0.00425 -1.8956062529e-05)
(0.00475 6.0316534643e-05)
(0.0052499999999999995 -0.000185143637974)
(0.00575 0.000456562972733)
(0.00625 0.005633318565698)
(0.00675 -0.005262954749685)
(0.0072499999999999995 0.004926119985211)
(0.00775 -0.004609803457163)
(0.00825 0.004312678173598)
(0.00875 -0.004033422814673)
(0.00925 0.003771060062527)
(0.00975 -0.003524547968965)
(0.01025 0.003292962724138)
(0.01075 -0.003075434190751)
(0.01125 0.00287115114154)
(0.01175 -0.00267935459045)
(0.01225 0.00249933326552)
(0.012750000000000001 -0.002330419340915)
(0.01325 0.002171984652338)
(0.01375 -0.002023437330414)
(0.01425 0.001884218823443)
(0.01475 -0.001753801274533)
(0.01525 0.001631685218316)
(0.01575 -0.001517397562539)
(0.01625 0.001410489820668)
(0.01675 -0.001310536563022)
(0.01725 0.00121713405587)
(0.017750000000000002 -0.001129899060208)
(0.01825 0.001048467764519)
(0.01875 -0.000972494828587)
(0.01925 0.000901652518282)
(0.01975 -0.000835629914037)
(0.02025 0.000774132178486)
(0.02075 -0.000716879871285)
(0.021249999999999998 0.000663608301474)
(0.02175 -0.000614066909836)
(0.02225 0.000568018675545)
(0.02275 -0.000525239542931)
(0.02325 0.000485517865465)
(0.02375 -0.000448653865106)
(0.02425 0.000414459105937)
(0.02475 -0.000382755981581)
(0.02525 0.000353377216319)
(0.02575 -0.000326165380063)
(0.02625 0.000300972417496)
(0.02675 -0.000277659191708)
(0.02725 0.000256095042661)
(0.02775 -0.000236157360736)
(0.02825 0.000217731175511)
(0.02875 -0.000200708759846)
(0.029249999999999998 0.000184989249198)
(0.02975 -0.000170478276031)
(0.03025 0.000157087619069)
(0.03075 -0.0001447348671)
(0.03125 0.000133343096937)
(0.03175 -0.000122840565167)
(0.03225 0.000113160413237)
(0.03275 -0.000104240385458)
(0.03325 9.6022559496e-05)
(0.03375 -8.8453088924e-05)
(0.03425 8.1481957428e-05)
(0.03475 -7.5062744302e-05)
(0.035250000000000004 6.9152400837e-05)
(0.03575 -6.3711037297e-05)
(0.03625 5.8701720134e-05)
(0.03675 -5.4090279145e-05)
(0.03725 4.984512429e-05)
(0.03775 -4.5937071874e-05)
(0.03825 4.2339179841e-05)
(0.03875 -3.9026591898e-05)
(0.03925 3.5976390214e-05)
(0.03975 -3.3167456428e-05)
(0.04025 3.0580340695e-05)
(0.04075 -2.8197138502e-05)
(0.04125 2.6001374989e-05)
(0.04175 -2.3977896479e-05)
(0.04225 2.2112768941e-05)
(0.042749999999999996 -2.0393183105e-05)
(0.04325 1.8807365928e-05)
(0.04375 -1.7344498111e-05)
(0.04425 1.5994637397e-05)
(0.04475 -1.4748647319e-05)
(0.04525 1.3598131138e-05)
(0.04575 -1.253537065e-05)
(0.04625 1.1553269601e-05)
(0.04675 -1.0645301406e-05)
(0.04725 9.805460912e-06)
(0.04775 -9.028219931e-06)
(0.04825 8.308486278e-06)
(0.04875 -7.641566079e-06)
(0.04925 7.023129099e-06)
(0.04975 -6.449176854e-06)
(0.05025 5.91601331e-06)
(0.05075 -5.42021794e-06)
(0.05125 4.958620954e-06)
(0.05175 -4.528280515e-06)
(0.05225 4.126461767e-06)
(0.05275 -3.750617513e-06)
(0.05325 3.398370384e-06)
(0.05375 -3.067496365e-06)
(0.05425 2.755909543e-06)
(0.05475 -2.461647942e-06)
(0.05525 2.182860349e-06)
(0.05575 -1.917794005e-06)
(0.05625 1.664783067e-06)
(0.05675 -1.422237759e-06)
(0.05725 1.188634098e-06)
(0.05775 -9.62504141e-07)
(0.05825 7.42426658e-07)
(0.05875 -5.27018166e-07)
(0.05925 3.14924232e-07)
(0.05975 -1.04769074e-07)
)
